service_id,monday,tuesday,wednesday,thursday,friday,saturday,sunday,start_date,end_date
SC00001.S0,1,1,1,1,1,0,0,20260515,20260528
SC00004.S0,1,1,1,1,1,1,0,20260515,20260528
SC00005.S0,0,0,0,0,0,1,0,20260516,20260523
SC00006.S0,0,0,0,0,0,1,1,20260516,20260524
SC00007.S0,0,0,0,0,0,0,1,20260517,20260524
SC06122.S0,1,1,1,1,1,0,0,20251214,20261212
SC06138.S0,1,1,1,1,1,0,0,20251214,20261212
SC06161.S0,0,0,0,0,0,1,1,20260701,20261212
SC06169.S0,0,0,0,0,0,1,1,20251214,20261212
SC06184.S0,1,1,1,1,1,0,0,20251214,20261212
SC06185.S0,0,0,0,0,0,1,1,20251214,20261212
SC06186.S0,0,0,0,0,0,1,1,20251214,20261212
SC06247.S0,1,1,1,1,1,0,0,20260401,20260503
SC06248.S0,0,0,0,0,0,1,1,20260401,20260503
SC06450.S0,1,1,1,1,1,0,0,20251214,20261212
SC06459.S0,1,1,1,1,1,0,0,20260301,20261212
SC06461.S0,0,0,0,0,0,1,1,20260301,20261212
SC06503.S0,1,1,1,1,1,0,0,20260405,20261212
SC06524.S0,0,0,0,0,0,1,1,20251214,20261212
SC06626.S0,1,1,1,1,1,0,0,20251214,20261212
SC06774.S0,0,0,0,0,1,0,0,20251214,20261212
SC06775.S0,0,0,0,0,0,0,1,20251214,20261212
SC06776.S0,0,0,0,0,0,0,1,20251214,20261212
SC06786.S0,1,1,1,1,1,0,0,20260301,20261212
SC06787.S0,0,0,0,0,0,0,0,20260301,20261212
SC06809.S0,0,0,0,1,1,0,0,20260301,20261212
SC06810.S0,0,0,0,0,0,1,1,20260301,20261212
SC06811.S0,1,1,1,1,1,0,0,20260330,20260731
SC06812.S0,0,0,0,0,0,1,1,20260330,20260731
SC06813.S0,0,0,0,0,0,0,0,20251214,20261212
SC06819.S0,1,1,1,1,1,0,0,20260511,20260831
SC06844.S0,0,0,0,0,0,1,1,20260511,20260831
SC06933.S0,1,1,1,1,1,0,0,20260301,20261212
SC06971.S0,1,1,1,1,1,0,0,20260301,20261212
SC06973.S0,1,1,1,1,1,0,0,20260401,20260630
SC06974.S0,0,0,0,0,0,1,1,20260401,20260630
SC06975.S0,1,1,1,1,1,0,0,20251214,20261212
SC06979.S0,1,1,1,1,1,0,0,20260401,20260630
SC07007.S0,0,0,0,0,0,0,0,20251214,20261212
SC07032.S0,1,1,1,1,1,0,0,20260407,20260630
SC07068.S0,1,1,1,1,1,0,0,20260518,20260531
SC07109.S0,1,1,1,1,1,0,0,20251214,20261212
SC07111.S0,1,1,1,1,1,0,0,20260316,20260630
SC07112.S0,1,1,1,1,1,0,0,20251214,20261212
SC07114.S0,0,0,0,0,0,1,1,20251214,20261212
SC07131.S0,0,0,0,0,0,0,0,20260301,20261212
SC07246.S0,1,1,1,1,1,0,0,20260407,20260731
SC07247.S0,1,1,1,1,1,0,0,20260407,20260731
SC07273.S0,1,1,1,1,1,0,0,20251214,20261212
SC07314.S0,0,0,0,0,0,1,1,20260407,20260731
SC07409.S0,1,1,1,1,1,0,0,20251214,20261212
SC07436.S0,1,1,1,1,1,0,0,20260701,20261212
SC07438.S0,0,0,0,0,0,1,1,20260701,20261212
SC07487.S0,1,1,1,1,1,0,0,20251214,20260630
SC07538.S0,1,1,1,1,1,0,0,20260405,20260630
SC07539.S0,1,1,1,1,1,0,0,20260405,20260630
SC07540.S0,0,0,0,0,0,0,0,20260405,20260630
SC07605.S0,0,0,0,0,0,1,1,20251214,20261212
SC07676.S0,0,0,0,0,0,1,0,20260405,20260630
SC07727.S0,1,1,1,1,1,0,0,20260405,20261212
SC07729.S0,0,0,0,0,0,1,1,20260405,20261212
SC07730.S0,0,0,0,0,0,1,1,20260405,20261212
SC07731.S0,1,1,1,1,1,0,0,20260416,20260612
SC07732.S0,0,0,0,0,0,1,1,20260416,20260612
SC07733.S0,0,0,0,0,0,1,1,20260416,20260612
SC07742.S0,0,0,0,0,0,0,0,20251214,20261212
SC07743.S0,0,0,0,0,0,0,0,20251214,20261212
SC07744.S0,1,1,1,1,1,0,0,20260407,20261024
SC07745.S0,1,1,1,1,1,0,0,20260407,20261024
SC07746.S0,0,0,0,0,0,0,1,20260405,20260630
SC07758.S0,1,1,1,1,1,0,0,20251214,20260801
SC07760.S0,1,1,1,1,1,0,0,20251223,20260801
SC07761.S0,1,1,1,1,1,0,0,20260405,20260801
SC07762.S0,1,1,1,1,1,0,0,20251214,20260801
SC07763.S0,1,1,1,1,1,0,0,20251214,20260801
SC07764.S0,0,0,0,0,0,0,0,20251214,20260801
SC07765.S0,0,1,0,1,0,0,0,20251214,20260801
SC07766.S0,1,0,1,0,1,0,0,20251214,20260801
SC07767.S0,1,1,1,1,1,0,0,20251214,20260801
SC07768.S0,0,0,0,0,0,0,0,20251214,20260801
SC07769.S0,0,0,0,0,0,0,0,20251214,20260801
SC07770.S0,1,1,1,1,1,0,0,20251214,20260801
SC07771.S0,1,1,1,1,1,0,0,20260427,20260630
SC07772.S0,1,1,1,1,1,0,0,20260427,20260630
SC07773.S0,1,1,1,1,1,0,0,20251214,20260801
SC07774.S0,1,0,0,0,0,0,0,20251214,20260801
SC07775.S0,1,1,1,1,1,0,0,20251214,20260801
SC07776.S0,0,0,0,0,1,0,0,20251214,20260801
SC07777.S0,0,0,0,0,0,0,0,20251214,20260801
SC07778.S0,1,1,1,1,0,0,0,20251214,20260801
SC07779.S0,0,1,1,1,1,0,0,20251214,20260801
SC07780.S0,1,1,1,1,1,0,0,20260505,20260519
SC07781.S0,1,0,0,0,0,0,0,20260505,20260519
SC07782.S0,0,0,0,0,0,0,0,20260505,20260519
SC07783.S0,1,1,1,1,0,0,0,20260505,20260519
SC07784.S0,0,1,1,1,1,0,0,20260505,20260519
SC07785.S0,0,0,0,0,0,1,1,20251214,20260801
SC07786.S0,0,0,0,0,0,1,1,20251214,20260801
SC07787.S0,1,1,1,1,1,0,0,20260301,20260801
SC07788.S0,0,0,0,0,0,1,1,20260301,20260801
SC07789.S0,1,1,1,1,1,0,0,20251214,20261212
SC07790.S0,1,1,1,1,0,0,0,20251214,20261212
SC07791.S0,0,0,0,0,0,1,1,20251214,20260801
SC07792.S0,0,0,0,0,0,1,1,20251214,20260801
SC07793.S0,0,0,0,0,1,0,0,20251214,20260801
SC07794.S0,1,1,1,1,1,0,0,20251214,20260801
SC07795.S0,0,0,0,0,0,0,0,20251214,20260801
SC07796.S0,0,0,0,0,0,1,1,20260405,20260630
SC07797.S0,0,0,0,0,0,0,0,20260701,20260801
SC07798.S0,1,1,1,1,1,0,0,20260701,20260801
SC07799.S0,1,1,1,1,1,0,0,20260701,20260801
SC07800.S0,0,0,0,0,0,0,1,20260701,20260801
SC07801.S0,1,1,0,1,0,0,0,20251214,20260630
SC07802.S0,1,1,1,1,1,0,0,20251214,20260630
SC07803.S0,1,1,1,1,1,0,0,20251214,20260630
SC07804.S0,0,0,0,0,0,0,1,20251214,20260630
SC07805.S0,0,0,0,0,0,0,0,20251214,20260801
SC07806.S0,1,1,1,1,1,0,0,20251214,20260801
SC07807.S0,0,1,1,1,0,0,0,20251214,20260801
SC07808.S0,0,0,0,0,0,0,0,20251214,20260801
SC07809.S0,1,1,1,1,1,0,0,20251218,20260801
SC07810.S0,0,0,0,0,0,0,0,20251218,20260801
SC07811.S0,1,1,1,1,1,0,0,20251218,20260801
SC07812.S0,0,0,0,0,0,0,0,20251218,20260801
SC07813.S0,1,1,1,1,1,0,0,20251218,20260801
SC07814.S0,1,1,1,1,1,0,0,20251218,20260801
SC07815.S0,0,0,0,0,1,0,0,20251218,20260801
SC07817.S0,1,1,1,1,1,0,0,20251214,20260801
SC07818.S0,1,1,1,1,1,0,0,20260301,20260801
SC07819.S0,1,1,1,1,1,0,0,20260405,20260801
SC07820.S0,0,0,0,0,0,1,1,20260405,20260801
SC07863.S0,0,0,0,0,0,0,0,20260401,20260630
SC07873.S0,1,1,1,1,1,0,0,20251214,20260630
SC07890.S0,0,0,0,0,0,0,0,20251214,20261212
SC07891.S0,0,0,0,0,0,0,0,20251214,20261212
SC07892.S0,0,0,0,0,0,0,0,20251214,20261212
SC07893.S0,0,0,0,0,0,0,0,20251214,20261212
SC07894.S0,1,1,1,1,1,0,0,20260316,20261004
SC07895.S0,1,1,1,1,1,0,0,20260316,20261004
SC07896.S0,0,0,0,0,0,0,0,20260316,20261004
SC07897.S0,0,0,0,0,0,0,1,20260316,20261004
SC07973.S0,0,0,0,0,0,1,1,20251214,20261212
SC08017.S0,1,1,1,1,1,0,0,20260101,20261231
SC08371.S0,1,1,1,1,1,0,0,20260518,20260809
SC08389.S0,1,1,1,1,1,0,0,20260701,20261212
SC08548.S0,1,1,1,1,1,0,0,20260420,20260531
SC08627.S0,0,0,0,0,0,0,0,20260407,20260731
SC08686.S0,0,0,0,0,0,0,0,20260301,20261212
SC08827.S0,0,0,0,0,0,0,1,20251214,20261212
SC08838.S0,1,1,1,1,1,0,0,20251214,20261212
SC08844.S0,0,0,0,0,0,1,1,20251214,20261212
SC08845.S0,0,0,0,0,0,1,1,20251214,20261212
SC08871.S0,0,0,0,0,0,0,0,20251214,20261212
SC08948.S0,1,1,1,1,1,0,0,20260316,20260731
SC08949.S0,1,1,1,1,1,0,0,20260316,20260731
SC08950.S0,0,0,0,0,0,0,0,20260316,20260731
SC08988.S0,0,0,0,0,0,1,1,20260316,20260731
SC09073.S0,0,0,0,0,0,1,1,20251214,20261212
SC09153.S0,0,0,1,0,1,0,0,20251214,20261212
SC09319.S0,1,1,1,1,1,0,0,20260301,20260630
SC09423.S0,1,1,1,1,1,0,0,20251214,20261212
SC09424.S0,1,0,1,1,1,0,0,20251214,20261212
SC09425.S0,0,1,0,0,0,0,0,20251214,20261212
SC09426.S0,1,0,0,1,0,0,0,20251214,20261212
SC09427.S0,1,1,1,1,1,0,0,20251214,20261212
SC09428.S0,0,0,0,0,0,1,1,20251214,20261212
SC09429.S0,1,1,1,1,1,0,0,20251214,20261212
SC09430.S0,0,0,0,0,0,1,1,20251214,20261212
SC09431.S0,0,0,0,0,0,1,1,20251214,20261212
SC09432.S0,0,0,0,0,0,0,1,20251214,20261212
SC09433.S0,0,0,0,0,0,0,1,20260330,20260731
SC09434.S0,1,1,1,1,1,0,0,20251214,20261212
SC09435.S0,1,1,1,1,1,0,0,20251214,20261212
SC09436.S0,0,0,0,0,0,1,1,20251214,20261212
SC09437.S0,0,0,0,0,0,1,1,20251214,20261212
SC09438.S0,1,1,1,1,1,0,0,20260413,20260531
SC09439.S0,0,0,0,0,0,1,1,20260413,20260531
SC09440.S0,0,0,0,0,0,0,0,20260301,20261212
SC09441.S0,0,0,0,0,0,0,0,20260301,20261212
SC09442.S0,0,0,0,0,0,0,0,20251214,20261212
SC09443.S0,1,1,1,1,1,0,0,20260323,20260731
SC09444.S0,1,1,1,1,1,0,0,20260323,20260731
SC09445.S0,1,1,1,1,1,0,0,20251214,20261212
SC09446.S0,1,1,1,1,0,0,0,20260417,20260821
SC09447.S0,1,1,1,1,1,0,0,20251214,20261212
SC09448.S0,1,1,1,1,1,0,0,20251214,20261212
SC09449.S0,1,1,1,1,1,0,0,20251214,20261212
SC09450.S0,0,0,0,0,0,0,0,20251214,20261212
SC09451.S0,0,0,0,0,0,0,0,20251214,20261212
SC09452.S0,1,1,1,1,1,0,0,20251222,20260630
SC09453.S0,0,0,0,0,0,1,1,20251222,20260630
SC09454.S0,1,1,1,1,1,0,0,20251214,20261212
SC09455.S0,1,1,1,1,1,0,0,20251214,20261212
SC09456.S0,1,1,1,1,1,0,0,20251214,20261212
SC09457.S0,0,0,0,0,0,1,1,20251214,20261212
SC09458.S0,1,1,1,1,0,0,0,20260501,20260515
SC09459.S0,0,1,1,1,0,0,0,20260501,20260515
SC09460.S0,0,0,0,0,1,1,1,20260501,20260515
SC09461.S0,1,0,0,0,0,0,0,20260501,20260515
SC09511.S0,1,1,1,1,1,0,0,20260401,20260831
SC09846.S0,0,0,0,0,0,0,1,20260301,20261212
SC10285.S0,1,1,1,1,1,0,0,20251214,20261212
SC10286.S0,1,1,1,1,1,0,0,20251214,20261212
SC10287.S0,0,0,0,0,0,1,1,20251214,20261212
SC10288.S0,0,0,0,0,0,1,1,20251214,20261212
SC10290.S0,0,0,0,0,0,1,1,20260316,20260630
SC10717.S0,1,1,1,1,1,0,0,20260420,20260529
SC10718.S0,0,0,0,0,0,1,1,20260420,20260529
SC10763.S0,0,0,0,0,1,0,0,20251214,20261212
SC10764.S0,1,1,1,1,1,0,0,20260405,20260630
SC10765.S0,1,1,1,1,1,0,0,20260301,20261212
SC10766.S0,0,0,0,0,0,0,0,20260301,20261212
SC10767.S0,0,0,0,0,0,1,1,20260301,20261212
SC10768.S0,0,0,0,0,0,0,1,20260301,20261212
SC10769.S0,1,1,1,1,1,0,0,20260407,20260510
SC10770.S0,0,0,0,0,0,1,1,20260407,20260510
SC10771.S0,0,0,0,0,0,0,1,20260407,20260510
SC10772.S0,1,1,1,1,1,0,0,20260511,20260630
SC10773.S0,1,1,1,1,1,0,0,20260511,20260630
SC10774.S0,0,0,0,0,0,1,1,20260511,20260630
SC10775.S0,0,0,0,0,0,0,1,20260511,20260630
SC10776.S0,0,0,0,0,0,0,1,20251214,20261212
SC10777.S0,0,0,0,0,0,0,1,20260316,20260731
SC10778.S0,1,1,1,1,1,0,0,20251214,20261212
SC10779.S0,1,1,1,1,1,0,0,20251214,20261212
SC10780.S0,1,1,1,1,1,0,0,20251214,20261212
SC10781.S0,0,0,0,0,0,1,1,20251214,20261212
SC10782.S0,0,0,0,0,0,1,1,20260420,20260531
SC10783.S0,1,1,1,1,1,0,0,20251214,20261212
SC10784.S0,0,0,0,0,0,1,1,20251214,20261212
SC10785.S0,1,1,1,1,1,0,0,20251214,20261212
SC10786.S0,1,1,1,1,0,0,0,20251214,20261212
SC10787.S0,1,1,1,1,0,0,0,20260401,20260831
SC10788.S0,1,1,1,1,1,0,0,20260125,20261212
SC10789.S0,0,0,0,0,0,0,0,20260125,20261212
SC10790.S0,0,0,0,0,0,1,1,20260125,20261212
SC10791.S0,0,0,0,0,0,0,0,20260504,20260504
SC10792.S0,0,0,0,0,0,0,0,20260504,20260504
SC10793.S0,0,0,0,0,0,0,0,20260504,20260504
SC10794.S0,1,1,1,1,1,0,0,20260505,20260930
SC10795.S0,1,1,1,1,1,0,0,20260505,20260930
SC10796.S0,0,0,0,0,0,1,1,20260505,20260930
SC10797.S0,1,1,1,1,1,0,0,20251214,20261212
SC10798.S0,1,1,1,1,0,0,0,20251214,20261212
SC10799.S0,1,1,1,1,0,0,0,20260504,20260510
SC10800.S0,1,1,1,1,0,0,0,20260504,20260510
SC10801.S0,1,1,1,1,1,0,0,20260511,20260930
SC10802.S0,0,1,1,1,1,0,0,20260511,20260930
SC10803.S0,1,1,1,1,1,0,0,20261101,20261212
SC10804.S0,1,1,1,1,1,0,0,20261101,20261212
SC10805.S0,0,0,0,0,0,1,1,20261101,20261212
SC10806.S0,0,0,0,0,0,0,0,20261101,20261212
SC10807.S0,1,1,1,1,1,0,0,20260410,20261031
SC10808.S0,1,1,1,1,1,0,0,20260410,20261031
SC10809.S0,0,0,0,0,0,1,1,20260410,20261031
SC10810.S0,0,0,0,0,0,0,0,20260410,20261031
SC10811.S0,1,1,1,1,1,0,0,20260301,20261212
SC10812.S0,1,1,1,1,1,0,0,20260301,20261212
SC10813.S0,1,1,1,1,1,0,0,20260518,20260809
SC10834.S0,1,1,1,1,1,0,0,20260125,20261212
SC10835.S0,0,1,0,0,0,0,0,20260125,20261212
SC10836.S0,0,0,0,0,0,1,1,20260125,20261212
SC10837.S0,1,1,1,1,1,0,0,20260401,20260503
SC10838.S0,1,1,1,1,0,0,0,20260504,20260510
SC10839.S0,1,1,1,1,0,0,0,20260504,20260510
SC10840.S0,0,0,0,0,1,1,1,20260504,20260510
SC10841.S0,0,0,0,0,0,0,0,20260511,20260831
SC10922.S0,1,1,1,1,1,0,0,20260413,20260630
SC10929.S0,0,0,0,0,0,1,1,20260413,20260630
SC10931.S0,0,0,0,0,0,0,1,20260413,20260630
SC10976.S0,0,0,0,0,0,0,1,20251214,20261212
SC10977.S0,0,0,0,0,0,0,1,20251214,20261212
SC10978.S0,0,0,0,0,0,0,1,20260301,20261212
SC10979.S0,1,1,1,1,1,0,0,20251214,20261212
SC10980.S0,1,1,1,1,1,0,0,20251214,20261212
SC10981.S0,1,1,1,1,1,0,0,20251214,20261212
SC10982.S0,0,0,0,0,0,0,0,20251214,20261212
SC10983.S0,1,1,1,1,1,0,0,20260518,20260731
SC10984.S0,1,1,1,1,1,0,0,20260518,20260731
SC10985.S0,0,0,0,0,0,0,0,20260518,20260731
SC10986.S0,0,0,0,0,0,1,0,20260301,20261212
SC10987.S0,0,0,0,0,0,0,0,20260301,20261212
SC10988.S0,0,0,0,0,0,0,0,20260301,20261212
SC10989.S0,0,0,0,0,0,0,0,20260301,20261212
SC10990.S0,1,1,1,1,1,0,0,20260315,20260515
SC10991.S0,1,1,1,1,1,0,0,20260315,20260515
SC10992.S0,0,0,0,0,0,0,0,20260315,20260515
SC10993.S0,1,1,1,1,1,0,0,20260516,20260831
SC10994.S0,0,0,0,0,0,0,0,20260516,20260831
SC10995.S0,1,1,1,1,1,0,0,20260516,20260831
SC11008.S0,0,0,0,0,0,0,0,20251214,20261212
SC11018.S0,1,1,1,1,1,0,0,20260316,20261031
SC11270.S0,0,0,0,0,0,0,0,20251214,20261212
SC11271.S0,0,0,0,0,0,0,1,20260316,20261031
SC11272.S0,1,1,1,1,1,0,0,20260301,20261212
SC11273.S0,0,0,0,0,0,1,1,20260301,20261212
SC11274.S0,0,0,0,0,0,0,1,20260301,20261212
SC11275.S0,0,0,0,0,0,0,1,20260301,20261212
SC11276.S0,1,1,1,1,1,0,0,20260505,20260626
SC11277.S0,0,0,0,0,0,1,1,20260505,20260626
SC11278.S0,0,0,0,0,0,0,1,20260505,20260626
SC11279.S0,0,0,0,0,0,0,1,20260505,20260626
SC11280.S0,1,1,1,1,1,0,0,20251214,20261212
SC11281.S0,1,1,1,1,1,0,0,20251214,20261212
SC11282.S0,1,1,1,1,1,0,0,20251214,20261212
SC11283.S0,0,0,0,0,0,0,1,20251214,20261212
SC11284.S0,1,1,1,1,0,0,0,20251214,20261212
SC11285.S0,0,0,0,0,0,0,1,20251214,20261212
SC11286.S0,0,0,0,0,0,0,0,20260408,20260723
SC11287.S0,0,0,0,0,0,0,1,20260408,20260723
SC11288.S0,1,1,1,1,1,0,0,20260301,20261212
SC11289.S0,1,1,1,1,0,0,0,20260301,20261212
SC11290.S0,0,0,0,0,0,0,1,20260301,20261212
SC11291.S0,1,1,1,1,1,0,0,20251214,20261212
SC11292.S0,1,1,1,1,1,0,0,20251214,20261212
SC11293.S0,1,1,1,1,1,0,0,20260408,20260723
SC11294.S0,1,1,1,1,1,0,0,20260408,20260723
SC11295.S0,0,0,0,0,0,0,1,20260408,20260723
SC11296.S0,0,0,0,0,0,1,1,20251214,20261212
SC11298.S0,0,0,0,0,0,0,0,20260301,20261212
SC11299.S0,0,0,0,0,0,0,0,20260301,20261212
SC11300.S0,0,0,0,0,0,0,0,20260301,20261212
SC11301.S0,0,0,0,0,0,0,0,20260301,20261212
SC11302.S0,1,1,1,1,1,0,0,20260407,20260929
SC11303.S0,1,1,1,1,1,0,0,20260407,20260929
SC11304.S0,0,0,0,0,0,0,0,20260407,20260929
SC11305.S0,0,0,0,0,0,1,1,20260407,20260929
SC11307.S0,1,1,1,1,1,0,0,20260301,20261212
SC11308.S0,1,1,1,1,1,0,0,20260301,20261212
SC11309.S0,0,0,0,0,0,0,1,20260301,20261212
SC11310.S0,0,0,0,0,0,1,1,20260301,20261212
SC11311.S0,0,0,0,0,0,0,1,20260301,20261212
SC11312.S0,0,0,0,0,0,0,0,20260301,20261212
SC11313.S0,1,1,1,1,1,0,0,20260508,20260517
SC11314.S0,0,0,0,0,0,0,1,20260508,20260517
SC11315.S0,0,0,0,0,1,1,1,20260508,20260517
SC11316.S0,1,1,1,1,1,1,1,20260518,20260520
SC11317.S0,0,0,0,1,0,0,0,20260301,20261212
SC11318.S0,0,0,0,1,0,0,0,20260301,20261212
SC11319.S0,0,0,0,0,0,1,1,20260301,20261212
SC11320.S0,1,1,1,1,1,0,0,20260511,20260929
SC11321.S0,0,1,1,1,1,0,0,20260511,20260929
SC11322.S0,0,0,0,0,0,1,1,20260511,20260929
SC11323.S0,1,0,0,0,0,0,0,20251214,20261212
SC11328.S0,1,1,1,1,0,0,0,20251214,20261212
SC11329.S0,0,0,0,0,0,0,0,20260301,20261212
SC11330.S0,0,0,0,0,0,1,1,20260301,20261212
SC11331.S0,0,0,0,0,0,1,0,20260301,20261212
SC11332.S0,0,0,0,0,0,0,0,20260401,20260630
SC11333.S0,0,0,0,0,0,0,0,20260401,20260630
SC11334.S0,0,0,0,0,0,0,0,20260401,20260630
SC11335.S0,0,0,0,0,0,0,0,20260401,20260630
SC11336.S0,0,0,0,0,0,1,0,20260505,20260626
SC11337.S0,1,1,1,1,1,0,0,20260301,20261212
SC11338.S0,0,0,0,0,0,0,0,20260301,20261212
SC11339.S0,0,0,0,0,0,1,1,20260301,20261212
SC11340.S0,0,0,0,0,0,0,0,20260301,20261212
SC11341.S0,0,0,0,0,0,0,0,20251214,20261212
SC11342.S0,0,0,0,0,0,0,0,20251214,20261212
SC11343.S0,1,1,1,1,1,0,0,20260413,20260929
SC11344.S0,1,1,1,1,1,0,0,20260413,20260929
SC11345.S0,0,0,0,0,0,0,1,20260301,20261212
SC11346.S0,1,1,1,1,1,0,0,20260413,20260630
SC11347.S0,0,0,0,0,0,0,0,20251214,20261212
SC11348.S0,0,0,0,0,0,0,1,20251214,20261212
SC11349.S0,0,0,0,0,0,0,0,20251214,20261212
SC11350.S0,0,0,0,0,0,0,1,20260401,20260630
SC11351.S0,1,1,1,1,1,0,0,20260316,20260510
SC11352.S0,0,0,0,0,0,1,1,20251214,20261212
SC11353.S0,0,0,0,0,0,1,1,20251214,20261212
SC11354.S0,0,0,0,0,0,0,1,20251214,20261212
SC11355.S0,1,1,1,1,1,0,0,20260401,20260507
SC11356.S0,1,1,1,1,1,0,0,20260401,20260507
SC11357.S0,0,0,0,0,0,1,1,20260401,20260507
SC11358.S0,0,0,0,0,0,0,1,20260401,20260507
SC11359.S0,0,0,0,0,0,0,0,20260401,20260507
SC11360.S0,1,1,1,1,1,0,0,20260508,20260630
SC11361.S0,1,1,1,1,1,0,0,20260508,20260630
SC11362.S0,0,0,0,0,0,1,1,20260508,20260630
SC11363.S0,0,0,0,0,0,0,1,20260508,20260630
SC11364.S0,0,0,0,0,0,0,0,20260508,20260630
SC11365.S0,1,1,1,1,1,0,0,20251214,20261212
SC11366.S0,1,1,1,1,1,0,0,20251214,20261212
SC11367.S0,1,1,1,1,1,0,0,20251214,20261212
SC11368.S0,1,1,1,1,1,0,0,20251214,20261212
SC11369.S0,0,0,0,0,0,1,1,20251214,20261212
SC11370.S0,0,0,0,0,0,0,0,20251214,20261212
SC11371.S0,1,1,1,1,1,0,0,20260301,20261212
SC11372.S0,1,1,1,1,1,0,0,20260301,20261212
SC11373.S0,0,0,0,0,0,1,1,20260301,20261212
SC11403.S0,1,1,1,1,1,0,0,20260316,20260630
SC11404.S0,0,0,0,0,0,0,0,20260316,20260630
SC11405.S0,1,1,1,1,1,0,0,20260101,20261231
SC11406.S0,0,0,0,0,0,0,0,20260101,20261231
SC11407.S0,0,0,0,0,0,0,0,20260101,20261231
SC11408.S0,0,0,0,0,0,0,0,20260101,20261231
SC11409.S0,0,0,0,0,0,0,0,20260316,20260630
SC11410.S0,1,1,1,1,1,0,0,20260316,20260630
SC11411.S0,1,1,1,1,1,0,0,20260101,20261231
