shape_id,shape_pt_lat,shape_pt_lon,shape_pt_sequence
1,45.224481,13.597780,1
1,45.224507,13.597826,2
1,45.224456,13.597834,3
1,45.224424,13.597834,4
1,45.224406,13.597843,5
1,45.224342,13.597880,6
1,45.224286,13.597960,7
1,45.224247,13.598067,8
1,45.224260,13.598157,9
1,45.224310,13.598257,10
1,45.224393,13.598329,11
1,45.224463,13.598337,12
1,45.224532,13.598293,13
1,45.224646,13.598122,14
1,45.224722,13.597924,15
1,45.224772,13.597951,16
1,45.224823,13.597978,17
1,45.224905,13.597996,18
1,45.224722,13.599559,19
1,45.224703,13.599568,20
1,45.224684,13.599568,21
1,45.224665,13.599586,22
1,45.224652,13.599595,23
1,45.224627,13.599641,24
1,45.224614,13.599685,25
1,45.224614,13.599738,26
1,45.224627,13.599784,27
1,45.224652,13.599820,28
1,45.224684,13.599847,29
1,45.224709,13.599855,30
1,45.224734,13.599855,31
1,45.224766,13.599838,32
1,45.224785,13.599820,33
1,45.225361,13.600709,34
1,45.225456,13.600826,35
1,45.225576,13.600943,36
1,45.225664,13.601006,37
1,45.225772,13.601096,38
1,45.225943,13.601212,39
1,45.226063,13.601266,40
1,45.225924,13.602102,41
1,45.225861,13.602587,42
1,45.225829,13.602865,43
1,45.225778,13.603188,44
1,45.225639,13.604060,45
1,45.225595,13.604410,46
1,45.225589,13.604446,47
1,45.225589,13.604446,48
1,45.225500,13.604769,49
1,45.225475,13.604815,50
1,45.225443,13.604868,51
1,45.225418,13.604878,52
1,45.225393,13.604904,53
1,45.225367,13.604941,54
1,45.225342,13.604985,55
1,45.225329,13.605030,56
1,45.225323,13.605084,57
1,45.225323,13.605138,58
1,45.225329,13.605182,59
1,45.225342,13.605237,60
1,45.225380,13.605308,61
1,45.225418,13.605344,62
1,45.225462,13.605371,63
1,45.225513,13.605381,64
1,45.225551,13.605381,65
1,45.225582,13.605362,66
1,45.225633,13.605317,67
1,45.225652,13.605291,68
1,45.225671,13.605245,69
1,45.225690,13.605201,70
1,45.225728,13.605111,71
1,45.225766,13.605057,72
1,45.225937,13.604922,73
1,45.226247,13.604778,74
1,45.226633,13.604589,75
1,45.227056,13.604410,76
1,45.227284,13.604320,77
1,45.227373,13.604285,78
1,45.227500,13.604230,79
1,45.227594,13.604186,80
1,45.227815,13.604086,81
1,45.228119,13.603970,82
1,45.228347,13.603899,83
1,45.228480,13.603862,84
1,45.228682,13.603836,85
1,45.228841,13.603817,86
1,45.229100,13.603790,87
1,45.229423,13.603809,88
1,45.229606,13.603817,89
1,45.229808,13.603844,90
1,45.229891,13.603862,91
1,45.230043,13.603862,92
1,45.230081,13.603862,93
1,45.230156,13.603870,94
1,45.230239,13.603870,95
1,45.230290,13.603870,96
1,45.230290,13.603870,97
1,45.230460,13.603889,98
1,45.230574,13.603933,99
1,45.230650,13.603960,100
1,45.230675,13.603970,101
1,45.230694,13.604023,102
1,45.230720,13.604069,103
1,45.230758,13.604239,104
1,45.230777,13.604383,105
1,45.230745,13.604994,106
1,45.230745,13.605057,107
1,45.230720,13.605883,108
1,45.230669,13.606719,109
1,45.230637,13.607204,110
1,45.230600,13.608218,111
1,45.230581,13.609073,112
1,45.230543,13.609073,113
1,45.230504,13.609090,114
1,45.230473,13.609117,115
1,45.230447,13.609162,116
1,45.230429,13.609216,117
1,45.230423,13.609270,118
1,45.230435,13.609323,119
1,45.230454,13.609378,120
1,45.230480,13.609423,121
1,45.230517,13.609449,122
1,45.230555,13.609459,123
1,45.230543,13.610178,124
1,45.230543,13.610608,125
1,45.230530,13.611786,126
1,45.230524,13.612396,127
1,45.230524,13.612504,128
1,45.230524,13.613986,129
1,45.230524,13.614094,130
1,45.230504,13.614723,131
1,45.230517,13.615073,132
1,45.230555,13.615315,133
1,45.230543,13.615468,134
1,45.230543,13.615522,135
1,45.230524,13.615541,136
1,45.230517,13.615576,137
1,45.230517,13.615602,138
1,45.230524,13.615639,139
1,45.230530,13.615665,140
1,45.230549,13.615684,141
1,45.230593,13.615855,142
1,45.230606,13.617239,143
1,45.230637,13.618487,144
1,45.230625,13.618550,145
1,45.230612,13.618631,146
1,45.230600,13.618694,147
1,45.230574,13.618720,148
1,45.230561,13.618757,149
1,45.230555,13.618801,150
1,45.230561,13.618847,151
1,45.230574,13.618881,152
1,45.230587,13.618908,153
1,45.230612,13.618927,154
1,45.230644,13.619143,155
1,45.230681,13.619529,156
1,45.230764,13.620166,157
1,45.230771,13.620400,158
1,45.230758,13.620535,159
1,45.230726,13.620642,160
1,45.230701,13.620678,161
1,45.230681,13.620724,162
1,45.230669,13.620786,163
1,45.230675,13.620858,164
1,45.230694,13.620921,165
1,45.230720,13.620957,166
1,45.230745,13.620984,167
1,45.230783,13.621002,168
1,45.230795,13.621137,169
1,45.230834,13.621317,170
1,45.230859,13.622187,171
1,45.230808,13.622529,172
1,45.230795,13.622583,173
1,45.230745,13.622628,174
1,45.230707,13.622690,175
1,45.230681,13.622763,176
1,45.230681,13.622862,177
1,45.230707,13.622960,178
1,45.230745,13.623023,179
1,45.230789,13.623059,180
1,45.230846,13.623409,181
1,45.230872,13.623544,182
1,45.230909,13.623697,183
1,45.230954,13.623921,184
1,45.230998,13.624137,185
1,45.231106,13.624550,186
1,45.231150,13.624703,187
1,45.231263,13.624990,188
1,45.231377,13.625233,189
1,45.231466,13.625386,190
1,45.231574,13.625548,191
1,45.231795,13.625879,192
1,45.231959,13.626141,193
1,45.232035,13.626275,194
1,45.232149,13.626518,195
1,45.232219,13.626644,196
1,45.232370,13.626921,197
1,45.232447,13.627066,198
1,45.232548,13.627300,199
1,45.232662,13.627650,200
1,45.232877,13.628305,201
1,45.233396,13.629887,202
1,45.233902,13.631126,203
1,45.233940,13.631225,204
1,45.234035,13.631504,205
1,45.234174,13.632097,206
1,45.234243,13.632464,207
1,45.234300,13.632887,208
1,45.234357,13.633246,209
1,45.234376,13.633408,210
1,45.234376,13.633588,211
1,45.234351,13.633919,212
1,45.234313,13.634252,213
1,45.234306,13.634351,214
1,45.234313,13.634441,215
1,45.234345,13.634521,216
1,45.234395,13.634594,217
1,45.234439,13.634638,218
1,45.235135,13.635007,219
1,45.235236,13.635034,220
1,45.235439,13.635034,221
1,45.235515,13.635043,222
1,45.235584,13.635078,223
1,45.235635,13.635114,224
1,45.235686,13.635177,225
1,45.235780,13.635393,226
1,45.235857,13.635527,227
1,45.236040,13.635806,228
1,45.236128,13.635905,229
1,45.236470,13.636246,230
1,45.236622,13.636390,231
1,45.236755,13.636498,232
1,45.236830,13.636561,233
1,45.236881,13.636615,234
1,45.236926,13.636686,235
1,45.237040,13.636894,236
1,45.237109,13.637010,237
1,45.237172,13.637091,238
1,45.237242,13.637154,239
1,45.237457,13.637307,240
1,45.237609,13.637424,241
1,45.237716,13.637567,242
1,45.237893,13.637881,243
1,45.237994,13.638133,244
1,45.238090,13.638474,245
1,45.238191,13.639148,246
1,45.238279,13.639687,247
1,45.238348,13.640208,248
1,45.238368,13.640523,249
1,45.238336,13.640936,250
1,45.238387,13.641089,251
1,45.238482,13.641179,252
1,45.238652,13.641303,253
1,45.238893,13.641483,254
1,45.239095,13.641699,255
1,45.239297,13.642014,256
1,45.239437,13.642292,257
1,45.239468,13.642561,258
1,45.239462,13.642884,259
1,45.239494,13.643208,260
1,45.239557,13.643603,261
1,45.239582,13.643846,262
1,45.239557,13.644035,263
1,45.239450,13.644269,264
1,45.239272,13.644726,265
1,45.239190,13.644995,266
1,45.239184,13.645248,267
1,45.239310,13.645678,268
1,45.239361,13.645930,269
1,45.239367,13.646200,270
1,45.239310,13.646505,271
1,45.239234,13.646900,272
1,45.239209,13.647242,273
1,45.239222,13.647619,274
1,45.239279,13.648024,275
1,45.239418,13.648733,276
1,45.239532,13.649020,277
1,45.239582,13.649299,278
1,45.239570,13.649739,279
1,45.239570,13.649793,280
1,45.239576,13.650251,281
1,45.239582,13.650557,282
1,45.239645,13.650880,283
1,45.239822,13.651320,284
1,45.240044,13.651643,285
1,45.240310,13.651958,286
1,45.240607,13.652129,287
1,45.240999,13.652380,288
1,45.241277,13.652469,289
1,45.241644,13.652622,290
1,45.241872,13.652766,291
1,45.241961,13.652928,292
1,45.242037,13.653161,293
1,45.242068,13.653314,294
1,45.242075,13.653485,295
1,45.242037,13.653890,296
1,45.241980,13.654284,297
1,45.242005,13.654752,298
1,45.242087,13.655174,299
1,45.242182,13.655587,300
1,45.242385,13.656234,301
1,45.242422,13.656486,302
1,45.242454,13.656934,303
1,45.242486,13.657410,304
1,45.242486,13.657922,305
1,45.242530,13.658156,306
1,45.242625,13.658542,307
1,45.242745,13.658857,308
1,45.242985,13.659018,309
1,45.243162,13.659171,310
1,45.243459,13.659495,311
1,45.243618,13.659710,312
1,45.243706,13.659782,313
1,45.243776,13.659827,314
1,45.243839,13.659882,315
1,45.243890,13.659926,316
1,45.243953,13.659953,317
1,45.244060,13.659980,318
1,45.244168,13.660079,319
1,45.244244,13.660195,320
1,45.244282,13.660285,321
1,45.244345,13.660528,322
1,45.244383,13.660626,323
1,45.244497,13.660771,324
1,45.244585,13.660896,325
1,45.244674,13.661058,326
1,45.244725,13.661201,327
1,45.244769,13.661255,328
1,45.244756,13.661301,329
1,45.244680,13.661597,330
1,45.244668,13.661668,331
1,45.244623,13.661821,332
1,45.244573,13.661947,333
1,45.244484,13.662046,334
1,45.244320,13.662145,335
1,45.244073,13.662352,336
1,45.244010,13.662414,337
1,45.243934,13.662513,338
1,45.243789,13.662746,339
1,45.243498,13.663348,340
1,45.243504,13.663815,341
1,45.243472,13.664031,342
1,45.243390,13.664264,343
1,45.243302,13.664507,344
1,45.243270,13.664813,345
1,45.243238,13.665109,346
1,45.243181,13.665306,347
1,45.243105,13.665478,348
1,45.242973,13.665756,349
1,45.242871,13.665962,350
1,45.242720,13.666205,351
1,45.242669,13.666259,352
1,45.242555,13.666367,353
1,45.242448,13.666465,354
1,45.242245,13.666664,355
1,45.241802,13.666880,356
1,45.241695,13.667058,357
1,45.241688,13.667176,358
1,45.241745,13.667356,359
1,45.241745,13.667356,360
1,45.241688,13.667176,361
1,45.241695,13.667058,362
1,45.241802,13.666880,363
1,45.242245,13.666664,364
1,45.242448,13.666465,365
1,45.242555,13.666367,366
1,45.242669,13.666259,367
1,45.242720,13.666205,368
1,45.242871,13.665962,369
1,45.242973,13.665756,370
1,45.243105,13.665478,371
1,45.243181,13.665306,372
1,45.243238,13.665109,373
1,45.243270,13.664813,374
1,45.243302,13.664507,375
1,45.243390,13.664264,376
1,45.243472,13.664031,377
1,45.243504,13.663815,378
1,45.243498,13.663348,379
1,45.243789,13.662746,380
1,45.243934,13.662513,381
1,45.244010,13.662414,382
1,45.244073,13.662352,383
1,45.244320,13.662145,384
1,45.244484,13.662046,385
1,45.244573,13.661947,386
1,45.244623,13.661821,387
1,45.244668,13.661668,388
1,45.244680,13.661597,389
1,45.244756,13.661301,390
1,45.244769,13.661255,391
1,45.244839,13.661274,392
1,45.245092,13.661310,393
1,45.245433,13.661310,394
1,45.245534,13.661291,395
1,45.245617,13.661255,396
1,45.245731,13.661184,397
1,45.245831,13.661130,398
1,45.245895,13.661111,399
1,45.245958,13.661085,400
1,45.247204,13.660985,401
1,45.247312,13.660951,402
1,45.247432,13.660914,403
1,45.247583,13.660842,404
1,45.248425,13.660339,405
1,45.248532,13.660303,406
1,45.248633,13.660295,407
1,45.248715,13.660312,408
1,45.248829,13.660358,409
1,45.249266,13.660672,410
1,45.249392,13.660735,411
1,45.249500,13.660761,412
1,45.250619,13.660932,413
1,45.250771,13.660985,414
1,45.251131,13.661247,415
1,45.251251,13.661310,416
1,45.251409,13.661337,417
1,45.252112,13.661417,418
1,45.252194,13.661427,419
1,45.252251,13.661417,420
1,45.252333,13.661390,421
1,45.252434,13.661337,422
1,45.254060,13.660358,423
1,45.254306,13.660232,424
1,45.254432,13.660178,425
1,45.254584,13.660142,426
1,45.254749,13.660115,427
1,45.254970,13.660123,428
1,45.255122,13.660150,429
1,45.255900,13.660492,430
1,45.256020,13.660528,431
1,45.256197,13.660564,432
1,45.256336,13.660572,433
1,45.256405,13.660555,434
1,45.256482,13.660528,435
1,45.256563,13.660448,436
1,45.256620,13.660358,437
1,45.256696,13.660232,438
1,45.256836,13.659962,439
1,45.256880,13.659908,440
1,45.256962,13.659827,441
1,45.257057,13.659764,442
1,45.257145,13.659729,443
1,45.257234,13.659710,444
1,45.257594,13.659702,445
1,45.257670,13.659710,446
1,45.257752,13.659756,447
1,45.258195,13.660088,448
1,45.258359,13.660213,449
1,45.258467,13.660330,450
1,45.258745,13.660744,451
1,45.258847,13.660869,452
1,45.258928,13.660932,453
1,45.259036,13.660985,454
1,45.259144,13.661014,455
1,45.259548,13.661075,456
1,45.259630,13.661075,457
1,45.259706,13.661040,458
1,45.259801,13.660985,459
1,45.260427,13.660564,460
1,45.260642,13.660448,461
1,45.261122,13.660205,462
1,45.261255,13.660159,463
1,45.261275,13.660150,464
1,45.261464,13.660123,465
1,45.261590,13.660106,466
1,45.261711,13.660060,467
1,45.262153,13.659819,468
1,45.262280,13.659773,469
1,45.262394,13.659764,470
1,45.262704,13.659737,471
1,45.262848,13.659719,472
1,45.262944,13.659710,473
1,45.263013,13.659719,474
1,45.263082,13.659746,475
1,45.263316,13.659863,476
1,45.263373,13.659819,477
1,45.263405,13.659710,478
1,45.263456,13.659557,479
1,45.263569,13.659216,480
1,45.263569,13.659216,481
1,45.263646,13.658991,482
1,45.263746,13.658641,483
1,45.263835,13.658354,484
1,45.263873,13.658184,485
1,45.263886,13.658031,486
1,45.263873,13.657895,487
1,45.263842,13.657788,488
1,45.263797,13.657698,489
1,45.263734,13.657608,490
1,45.263652,13.657500,491
1,45.263582,13.657383,492
1,45.263551,13.657285,493
1,45.263525,13.657159,494
1,45.263418,13.656450,495
1,45.263399,13.656333,496
1,45.263241,13.655272,497
1,45.263184,13.654895,498
1,45.263007,13.653746,499
1,45.262899,13.653054,500
1,45.262735,13.652173,501
1,45.262697,13.651940,502
1,45.262659,13.651689,503
1,45.262634,13.651527,504
1,45.262596,13.651276,505
1,45.262406,13.649972,506
1,45.262090,13.647790,507
1,45.261932,13.646756,508
1,45.261825,13.645984,509
1,45.261723,13.645364,510
1,45.261388,13.643083,511
1,45.261122,13.641277,512
1,45.261091,13.641089,513
1,45.260737,13.638653,514
1,45.260667,13.638150,515
1,45.260630,13.637890,516
1,45.260433,13.636489,517
1,45.260054,13.634135,518
1,45.259889,13.632923,519
1,45.259845,13.632617,520
1,45.259763,13.632042,521
1,45.259612,13.631000,522
1,45.259618,13.630785,523
1,45.259612,13.630739,524
1,45.259649,13.630713,525
1,45.259681,13.630668,526
1,45.259700,13.630605,527
1,45.259712,13.630542,528
1,45.259706,13.630515,529
1,45.259706,13.630470,530
1,45.259681,13.630416,531
1,45.259649,13.630363,532
1,45.259612,13.630336,533
1,45.259573,13.630326,534
1,45.259548,13.630326,535
1,45.259535,13.630290,536
1,45.259485,13.630227,537
1,45.259422,13.630129,538
1,45.259168,13.629420,539
1,45.259017,13.629105,540
1,45.258941,13.628952,541
1,45.258853,13.628818,542
1,45.256627,13.625682,543
1,45.255236,13.623760,544
1,45.254629,13.622969,545
1,45.253623,13.621604,546
1,45.253516,13.621442,547
1,45.253199,13.621047,548
1,45.253142,13.620948,549
1,45.253060,13.620768,550
1,45.253016,13.620634,551
1,45.252997,13.620571,552
1,45.253009,13.620481,553
1,45.252997,13.620391,554
1,45.252978,13.620328,555
1,45.252946,13.620275,556
1,45.252908,13.620239,557
1,45.252858,13.620212,558
1,45.252807,13.620202,559
1,45.252757,13.620212,560
1,45.252605,13.620122,561
1,45.252307,13.619780,562
1,45.251979,13.619304,563
1,45.251150,13.618118,564
1,45.250449,13.617176,565
1,45.249810,13.616321,566
1,45.249759,13.616197,567
1,45.249734,13.616151,568
1,45.249734,13.616115,569
1,45.249734,13.616080,570
1,45.249721,13.616044,571
1,45.249708,13.616007,572
1,45.249683,13.615990,573
1,45.249658,13.615981,574
1,45.249626,13.615971,575
1,45.249607,13.615981,576
1,45.249594,13.615990,577
1,45.249405,13.615791,578
1,45.248228,13.614103,579
1,45.247843,13.613537,580
1,45.247679,13.613277,581
1,45.247539,13.612989,582
1,45.247451,13.612692,583
1,45.247463,13.612522,584
1,45.247495,13.612405,585
1,45.247501,13.612289,586
1,45.247482,13.612172,587
1,45.247438,13.612073,588
1,45.247381,13.611992,589
1,45.247318,13.611939,590
1,45.247242,13.611910,591
1,45.247198,13.611910,592
1,45.247021,13.611839,593
1,45.246856,13.611686,594
1,45.246451,13.610851,595
1,45.246293,13.610518,596
1,45.245875,13.609675,597
1,45.245591,13.609153,598
1,45.245497,13.608956,599
1,45.245383,13.608767,600
1,45.245263,13.608596,601
1,45.245173,13.608470,602
1,45.244965,13.608246,603
1,45.244876,13.608128,604
1,45.244826,13.608031,605
1,45.244788,13.607878,606
1,45.244794,13.607805,607
1,45.244794,13.607734,608
1,45.244769,13.607626,609
1,45.244718,13.607528,610
1,45.244655,13.607455,611
1,45.244605,13.607428,612
1,45.244560,13.607375,613
1,45.244510,13.607266,614
1,45.244478,13.607176,615
1,45.244440,13.607052,616
1,45.244383,13.606826,617
1,45.244332,13.606710,618
1,45.244092,13.606233,619
1,45.243947,13.605937,620
1,45.243915,13.605866,621
1,45.243415,13.604886,622
1,45.243251,13.604554,623
1,45.242890,13.603836,624
1,45.242587,13.603197,625
1,45.242448,13.602928,626
1,45.242157,13.602352,627
1,45.241568,13.601203,628
1,45.241461,13.600960,629
1,45.241290,13.600637,630
1,45.241290,13.600637,631
1,45.241214,13.600494,632
1,45.240980,13.600520,633
1,45.240917,13.600530,634
1,45.240771,13.600547,635
1,45.240594,13.600583,636
1,45.240480,13.600628,637
1,45.240380,13.600700,638
1,45.240323,13.600781,639
1,45.240272,13.600880,640
1,45.240215,13.601059,641
1,45.240120,13.601446,642
1,45.239930,13.602236,643
1,45.239747,13.603008,644
1,45.239475,13.604285,645
1,45.239462,13.604356,646
1,45.239272,13.604312,647
1,45.238444,13.604096,648
1,45.238248,13.604006,649
1,45.238184,13.603970,650
1,45.238140,13.603952,651
1,45.238127,13.603916,652
1,45.238102,13.603880,653
1,45.238077,13.603862,654
1,45.238045,13.603853,655
1,45.238020,13.603862,656
1,45.237988,13.603880,657
1,45.237969,13.603916,658
1,45.237957,13.603952,659
1,45.237950,13.603996,660
1,45.237957,13.604033,661
1,45.237969,13.604069,662
1,45.237988,13.604096,663
1,45.237976,13.604356,664
1,45.237976,13.604392,665
1,45.237937,13.604562,666
1,45.237925,13.604635,667
1,45.237893,13.604644,668
1,45.237874,13.604671,669
1,45.237742,13.604679,670
1,45.237615,13.604688,671
1,45.237299,13.604599,672
1,45.237020,13.604536,673
1,45.236843,13.604499,674
1,45.236622,13.604446,675
1,45.236458,13.604428,676
1,45.236015,13.604383,677
1,45.235736,13.604365,678
1,45.235477,13.604347,679
1,45.235255,13.604329,680
1,45.234237,13.604239,681
1,45.233547,13.604176,682
1,45.233472,13.604168,683
1,45.231896,13.604033,684
1,45.231296,13.603979,685
1,45.231017,13.603916,686
1,45.230928,13.603836,687
1,45.230903,13.603790,688
1,45.230878,13.603763,689
1,45.230840,13.603736,690
1,45.230802,13.603727,691
1,45.230764,13.603746,692
1,45.230720,13.603773,693
1,45.230694,13.603817,694
1,45.230581,13.603870,695
1,45.230517,13.603880,696
1,45.230460,13.603889,697
1,45.230239,13.603870,698
1,45.230156,13.603870,699
1,45.230081,13.603862,700
1,45.230043,13.603862,701
1,45.229891,13.603862,702
1,45.229808,13.603844,703
1,45.229606,13.603817,704
1,45.229423,13.603809,705
1,45.229100,13.603790,706
1,45.228841,13.603817,707
1,45.228682,13.603836,708
1,45.228480,13.603862,709
1,45.228347,13.603899,710
1,45.228119,13.603970,711
1,45.227815,13.604086,712
1,45.227594,13.604186,713
1,45.227500,13.604230,714
1,45.227373,13.604285,715
1,45.227284,13.604320,716
1,45.227056,13.604410,717
1,45.226633,13.604589,718
1,45.226247,13.604778,719
1,45.225937,13.604922,720
1,45.225747,13.604958,721
1,45.225703,13.604958,722
1,45.225658,13.604949,723
1,45.225633,13.604912,724
1,45.225601,13.604878,725
1,45.225570,13.604859,726
1,45.225538,13.604851,727
1,45.225500,13.604851,728
1,45.225443,13.604868,729
1,45.225418,13.604878,730
1,45.225393,13.604904,731
1,45.225367,13.604941,732
1,45.225342,13.604985,733
1,45.225329,13.605030,734
1,45.225323,13.605084,735
1,45.225279,13.605155,736
1,45.225234,13.605201,737
1,45.225076,13.605317,738
1,45.225000,13.605354,739
1,45.224507,13.605587,740
1,45.223848,13.605901,741
1,45.223393,13.606081,742
1,45.223222,13.606170,743
1,45.223007,13.606224,744
1,45.222760,13.606260,745
1,45.222577,13.606189,746
1,45.222539,13.606189,747
1,45.222533,13.606144,748
1,45.222520,13.606107,749
1,45.222501,13.606073,750
1,45.222469,13.606027,751
1,45.222432,13.606000,752
1,45.222387,13.605991,753
1,45.222336,13.605991,754
1,45.222292,13.606018,755
1,45.222255,13.606063,756
1,45.222222,13.606126,757
1,45.221995,13.606117,758
1,45.221723,13.606036,759
1,45.221040,13.605794,760
1,45.219957,13.605434,761
1,45.218066,13.604824,762
1,45.217933,13.604752,763
1,45.217863,13.604715,764
1,45.217825,13.604698,765
1,45.217806,13.604616,766
1,45.217768,13.604562,767
1,45.217768,13.604401,768
1,45.217768,13.604195,769
1,45.217825,13.603899,770
1,45.217876,13.603637,771
1,45.217996,13.602928,772
1,45.218123,13.602380,773
1,45.218230,13.601931,774
1,45.218281,13.601733,775
1,45.218337,13.601373,776
1,45.218357,13.601149,777
1,45.218357,13.601149,778
1,45.218414,13.600593,779
1,45.218420,13.600484,780
1,45.218464,13.600296,781
1,45.218515,13.600143,782
1,45.218585,13.599981,783
1,45.218629,13.599918,784
1,45.218786,13.599730,785
1,45.219451,13.599046,786
1,45.219723,13.598778,787
1,45.219932,13.598589,788
1,45.220445,13.598149,789
1,45.220767,13.597996,790
1,45.221097,13.598014,791
1,45.221634,13.598104,792
1,45.223216,13.598392,793
1,45.223444,13.598472,794
1,45.223684,13.598589,795
1,45.223893,13.598706,796
1,45.223925,13.598715,797
1,45.224196,13.598985,798
1,45.224652,13.599595,799
1,45.224627,13.599641,800
1,45.224614,13.599685,801
1,45.224614,13.599738,802
1,45.224627,13.599784,803
1,45.224652,13.599820,804
1,45.224684,13.599847,805
1,45.224709,13.599855,806
1,45.224734,13.599855,807
1,45.224766,13.599838,808
1,45.224785,13.599820,809
1,45.224811,13.599784,810
1,45.224823,13.599738,811
1,45.224823,13.599685,812
1,45.224811,13.599641,813
1,45.224785,13.599604,814
1,45.224760,13.599578,815
1,45.224722,13.599559,816
1,45.224905,13.597996,817
1,45.224823,13.597978,818
1,45.224772,13.597951,819
1,45.224722,13.597924,820
1,45.224652,13.597861,821
1,45.224608,13.597843,822
1,45.224557,13.597834,823
1,45.224513,13.597826,824
1,45.224507,13.597826,825
1,45.224481,13.597780,826
2,45.224481,13.597780,1
2,45.224507,13.597826,2
2,45.224456,13.597834,3
2,45.224424,13.597834,4
2,45.224406,13.597843,5
2,45.224342,13.597880,6
2,45.224286,13.597960,7
2,45.224247,13.598067,8
2,45.224260,13.598157,9
2,45.224310,13.598257,10
2,45.224393,13.598329,11
2,45.224463,13.598337,12
2,45.224532,13.598293,13
2,45.224646,13.598122,14
2,45.224722,13.597924,15
2,45.224772,13.597951,16
2,45.224823,13.597978,17
2,45.224905,13.597996,18
2,45.224722,13.599559,19
2,45.224703,13.599568,20
2,45.224684,13.599568,21
2,45.224665,13.599586,22
2,45.224652,13.599595,23
2,45.224627,13.599641,24
2,45.224614,13.599685,25
2,45.224614,13.599738,26
2,45.224627,13.599784,27
2,45.224652,13.599820,28
2,45.224684,13.599847,29
2,45.224709,13.599855,30
2,45.224734,13.599855,31
2,45.224766,13.599838,32
2,45.224785,13.599820,33
2,45.225361,13.600709,34
2,45.225456,13.600826,35
2,45.225576,13.600943,36
2,45.225664,13.601006,37
2,45.225772,13.601096,38
2,45.225943,13.601212,39
2,45.226063,13.601266,40
2,45.225924,13.602102,41
2,45.225861,13.602587,42
2,45.225829,13.602865,43
2,45.225778,13.603188,44
2,45.225639,13.604060,45
2,45.225595,13.604410,46
2,45.225589,13.604446,47
2,45.225589,13.604446,48
2,45.225500,13.604769,49
2,45.225475,13.604815,50
2,45.225443,13.604868,51
2,45.225418,13.604878,52
2,45.225393,13.604904,53
2,45.225367,13.604941,54
2,45.225342,13.604985,55
2,45.225329,13.605030,56
2,45.225323,13.605084,57
2,45.225323,13.605138,58
2,45.225329,13.605182,59
2,45.225342,13.605237,60
2,45.225380,13.605308,61
2,45.225418,13.605344,62
2,45.225462,13.605371,63
2,45.225513,13.605381,64
2,45.225551,13.605381,65
2,45.225582,13.605362,66
2,45.225633,13.605317,67
2,45.225652,13.605291,68
2,45.225671,13.605245,69
2,45.225690,13.605201,70
2,45.225728,13.605111,71
2,45.225766,13.605057,72
2,45.225937,13.604922,73
2,45.226247,13.604778,74
2,45.226633,13.604589,75
2,45.227056,13.604410,76
2,45.227284,13.604320,77
2,45.227373,13.604285,78
2,45.227500,13.604230,79
2,45.227594,13.604186,80
2,45.227815,13.604086,81
2,45.228119,13.603970,82
2,45.228347,13.603899,83
2,45.228480,13.603862,84
2,45.228682,13.603836,85
2,45.228841,13.603817,86
2,45.229100,13.603790,87
2,45.229423,13.603809,88
2,45.229606,13.603817,89
2,45.229808,13.603844,90
2,45.229891,13.603862,91
2,45.230043,13.603862,92
2,45.230081,13.603862,93
2,45.230156,13.603870,94
2,45.230239,13.603870,95
2,45.230290,13.603870,96
2,45.230290,13.603870,97
2,45.230460,13.603889,98
2,45.230574,13.603933,99
2,45.230650,13.603960,100
2,45.230675,13.603970,101
2,45.230694,13.604023,102
2,45.230720,13.604069,103
2,45.230758,13.604239,104
2,45.230777,13.604383,105
2,45.230745,13.604994,106
2,45.230745,13.605057,107
2,45.230720,13.605883,108
2,45.230669,13.606719,109
2,45.230637,13.607204,110
2,45.230600,13.608218,111
2,45.230581,13.609073,112
2,45.230543,13.609073,113
2,45.230504,13.609090,114
2,45.230473,13.609117,115
2,45.230447,13.609162,116
2,45.230429,13.609216,117
2,45.230423,13.609270,118
2,45.230435,13.609323,119
2,45.230454,13.609378,120
2,45.230480,13.609423,121
2,45.230517,13.609449,122
2,45.230555,13.609459,123
2,45.230543,13.610178,124
2,45.230543,13.610608,125
2,45.230530,13.611786,126
2,45.230524,13.612396,127
2,45.230524,13.612504,128
2,45.230524,13.613986,129
2,45.230524,13.614094,130
2,45.230504,13.614723,131
2,45.230517,13.615073,132
2,45.230555,13.615315,133
2,45.230543,13.615468,134
2,45.230543,13.615522,135
2,45.230524,13.615541,136
2,45.230517,13.615576,137
2,45.230517,13.615602,138
2,45.230524,13.615639,139
2,45.230530,13.615665,140
2,45.230549,13.615684,141
2,45.230593,13.615855,142
2,45.230606,13.617239,143
2,45.230637,13.618487,144
2,45.230625,13.618550,145
2,45.230612,13.618631,146
2,45.230600,13.618694,147
2,45.230574,13.618720,148
2,45.230561,13.618757,149
2,45.230555,13.618801,150
2,45.230561,13.618847,151
2,45.230574,13.618881,152
2,45.230587,13.618908,153
2,45.230612,13.618927,154
2,45.230644,13.619143,155
2,45.230681,13.619529,156
2,45.230764,13.620166,157
2,45.230771,13.620400,158
2,45.230758,13.620535,159
2,45.230726,13.620642,160
2,45.230701,13.620678,161
2,45.230681,13.620724,162
2,45.230669,13.620786,163
2,45.230675,13.620858,164
2,45.230694,13.620921,165
2,45.230720,13.620957,166
2,45.230745,13.620984,167
2,45.230783,13.621002,168
2,45.230795,13.621137,169
2,45.230834,13.621317,170
2,45.230859,13.622187,171
2,45.230808,13.622529,172
2,45.230795,13.622583,173
2,45.230745,13.622628,174
2,45.230707,13.622690,175
2,45.230681,13.622763,176
2,45.230681,13.622862,177
2,45.230707,13.622960,178
2,45.230745,13.623023,179
2,45.230789,13.623059,180
2,45.230821,13.623076,181
2,45.230852,13.623076,182
2,45.230891,13.623076,183
2,45.230916,13.623059,184
2,45.230972,13.623023,185
2,45.231011,13.622960,186
2,45.231029,13.622879,187
2,45.231320,13.622718,188
2,45.231700,13.622610,189
2,45.232213,13.622484,190
2,45.232263,13.622476,191
2,45.232263,13.622476,192
2,45.233155,13.622340,193
2,45.233541,13.622296,194
2,45.234054,13.622269,195
2,45.234496,13.622260,196
2,45.234914,13.622286,197
2,45.235730,13.622413,198
2,45.236274,13.622556,199
2,45.237046,13.622753,200
2,45.237646,13.622960,201
2,45.238570,13.623365,202
2,45.238906,13.623508,203
2,45.239215,13.623661,204
2,45.239690,13.623877,205
2,45.240000,13.624011,206
2,45.240196,13.624084,207
2,45.240626,13.624254,208
2,45.240936,13.624326,209
2,45.241581,13.624541,210
2,45.241594,13.624550,211
2,45.242511,13.624810,212
2,45.243270,13.624982,213
2,45.243833,13.625063,214
2,45.244554,13.625107,215
2,45.244952,13.625099,216
2,45.245737,13.625036,217
2,45.246268,13.624954,218
2,45.246818,13.624820,219
2,45.247331,13.624649,220
2,45.247760,13.624487,221
2,45.248216,13.624308,222
2,45.248728,13.624065,223
2,45.249196,13.623814,224
2,45.249240,13.623787,225
2,45.249633,13.623544,226
2,45.249999,13.623292,227
2,45.250423,13.622969,228
2,45.250917,13.622547,229
2,45.251061,13.622413,230
2,45.251283,13.622206,231
2,45.251625,13.621856,232
2,45.251890,13.621558,233
2,45.252340,13.621055,234
2,45.252460,13.620912,235
2,45.252586,13.620814,236
2,45.252668,13.620759,237
2,45.252718,13.620724,238
2,45.252769,13.620751,239
2,45.252826,13.620759,240
2,45.252883,13.620742,241
2,45.252934,13.620705,242
2,45.252972,13.620642,243
2,45.252997,13.620571,244
2,45.253009,13.620481,245
2,45.252997,13.620391,246
2,45.253073,13.620220,247
2,45.253149,13.620076,248
2,45.253402,13.619753,249
2,45.254919,13.617902,250
2,45.256064,13.616501,251
2,45.257164,13.615199,252
2,45.257803,13.614507,253
2,45.258163,13.614166,254
2,45.258397,13.613977,255
2,45.258543,13.613843,256
2,45.258903,13.613581,257
2,45.258910,13.613564,258
2,45.259605,13.613141,259
2,45.259889,13.613078,260
2,45.259940,13.613061,261
2,45.259991,13.613124,262
2,45.260054,13.613151,263
2,45.260117,13.613151,264
2,45.260180,13.613124,265
2,45.260231,13.613070,266
2,45.260269,13.612989,267
2,45.260282,13.612899,268
2,45.260554,13.612665,269
2,45.261059,13.612432,270
2,45.261452,13.612315,271
2,45.261932,13.612199,272
2,45.262438,13.612118,273
2,45.262842,13.612118,274
2,45.262975,13.612109,275
2,45.263032,13.612109,276
2,45.263253,13.612109,277
2,45.263721,13.612099,278
2,45.264531,13.612199,279
2,45.265195,13.612252,280
2,45.265409,13.612289,281
2,45.265637,13.612360,282
2,45.268640,13.613726,283
2,45.268900,13.613843,284
2,45.269235,13.614031,285
2,45.269266,13.614067,286
2,45.269285,13.614120,287
2,45.269317,13.614166,288
2,45.269368,13.614193,289
2,45.269418,13.614166,290
2,45.269456,13.614103,291
2,45.269462,13.614023,292
2,45.269437,13.613950,293
2,45.269468,13.613546,294
2,45.269797,13.612235,295
2,45.269854,13.611910,296
2,45.269892,13.611597,297
2,45.269905,13.611283,298
2,45.269879,13.608830,299
2,45.269854,13.607365,300
2,45.269835,13.606073,301
2,45.269835,13.603449,302
2,45.269854,13.603449,303
2,45.269879,13.603440,304
2,45.269892,13.603413,305
2,45.269905,13.603386,306
2,45.269899,13.603350,307
2,45.269962,13.603350,308
2,45.270043,13.603323,309
2,45.270530,13.602973,310
2,45.270575,13.602946,311
2,45.270809,13.602748,312
2,45.271024,13.602505,313
2,45.271580,13.601815,314
2,45.271808,13.601536,315
2,45.272541,13.600646,316
2,45.272964,13.600098,317
2,45.273009,13.600044,318
2,45.273009,13.600000,319
2,45.273009,13.599954,320
2,45.273003,13.599910,321
2,45.272990,13.599874,322
2,45.272920,13.599748,323
2,45.272920,13.599748,324
2,45.272901,13.599712,325
2,45.272882,13.599702,326
2,45.272863,13.599702,327
2,45.272850,13.599712,328
2,45.272826,13.599738,329
2,45.273009,13.600044,330
2,45.272964,13.600098,331
2,45.272541,13.600646,332
2,45.271808,13.601536,333
2,45.271580,13.601815,334
2,45.271024,13.602505,335
2,45.270809,13.602748,336
2,45.270575,13.602946,337
2,45.270530,13.602973,338
2,45.270043,13.603323,339
2,45.269962,13.603350,340
2,45.269899,13.603350,341
2,45.269892,13.603323,342
2,45.269873,13.603296,343
2,45.269854,13.603287,344
2,45.269829,13.603287,345
2,45.269810,13.603296,346
2,45.269797,13.603323,347
2,45.269785,13.603350,348
2,45.269785,13.603386,349
2,45.269797,13.603413,350
2,45.269810,13.603440,351
2,45.269835,13.603449,352
2,45.269835,13.606073,353
2,45.269854,13.607365,354
2,45.269879,13.608830,355
2,45.269905,13.611283,356
2,45.269892,13.611597,357
2,45.269854,13.611910,358
2,45.269797,13.612235,359
2,45.269468,13.613546,360
2,45.269355,13.613870,361
2,45.269342,13.613914,362
2,45.269298,13.613950,363
2,45.269203,13.613933,364
2,45.268900,13.613843,365
2,45.268640,13.613726,366
2,45.265637,13.612360,367
2,45.265409,13.612289,368
2,45.265195,13.612252,369
2,45.264531,13.612199,370
2,45.263721,13.612099,371
2,45.263253,13.612109,372
2,45.263032,13.612109,373
2,45.262975,13.612109,374
2,45.262842,13.612118,375
2,45.262438,13.612118,376
2,45.261932,13.612199,377
2,45.261452,13.612315,378
2,45.261059,13.612432,379
2,45.260554,13.612665,380
2,45.260288,13.612692,381
2,45.260237,13.612702,382
2,45.260200,13.612648,383
2,45.260155,13.612621,384
2,45.260105,13.612602,385
2,45.260067,13.612531,386
2,45.259928,13.612226,387
2,45.259814,13.611910,388
2,45.259693,13.611686,389
2,45.259618,13.611570,390
2,45.259459,13.611470,391
2,45.259270,13.611407,392
2,45.259074,13.611381,393
2,45.258543,13.611381,394
2,45.258315,13.611390,395
2,45.257114,13.611399,396
2,45.257006,13.611399,397
2,45.256905,13.611399,398
2,45.256342,13.611407,399
2,45.256355,13.611138,400
2,45.254312,13.610375,401
2,45.254060,13.610302,402
2,45.253800,13.610258,403
2,45.253699,13.610241,404
2,45.253275,13.610178,405
2,45.251928,13.609926,406
2,45.251814,13.609889,407
2,45.251726,13.609799,408
2,45.251359,13.609315,409
2,45.250809,13.608570,410
2,45.250733,13.608300,411
2,45.250707,13.608094,412
2,45.250707,13.607770,413
2,45.250746,13.607509,414
2,45.250815,13.607186,415
2,45.250815,13.607168,416
2,45.250827,13.607123,417
2,45.250884,13.606872,418
2,45.250935,13.606647,419
2,45.250948,13.606583,420
2,45.251112,13.605946,421
2,45.251118,13.605776,422
2,45.251112,13.605623,423
2,45.250992,13.604356,424
2,45.250948,13.604033,425
2,45.250834,13.602802,426
2,45.250783,13.602415,427
2,45.250746,13.602173,428
2,45.250689,13.601931,429
2,45.250626,13.601742,430
2,45.250550,13.601625,431
2,45.250467,13.601580,432
2,45.250341,13.601536,433
2,45.250038,13.601482,434
2,45.250038,13.601482,435
2,45.249905,13.601455,436
2,45.249816,13.601455,437
2,45.249715,13.601455,438
2,45.249607,13.601490,439
2,45.249531,13.601536,440
2,45.249297,13.601688,441
2,45.249190,13.601742,442
2,45.249076,13.601786,443
2,45.249006,13.601805,444
2,45.248892,13.601823,445
2,45.248766,13.601796,446
2,45.248684,13.601778,447
2,45.248570,13.601715,448
2,45.248488,13.601662,449
2,45.248273,13.601482,450
2,45.248191,13.601409,451
2,45.248096,13.601356,452
2,45.248001,13.601310,453
2,45.247887,13.601275,454
2,45.247602,13.601212,455
2,45.246894,13.601033,456
2,45.246243,13.600862,457
2,45.246065,13.600844,458
2,45.245901,13.600862,459
2,45.245755,13.600880,460
2,45.244978,13.601050,461
2,45.244617,13.601104,462
2,45.244244,13.601113,463
2,45.244212,13.601113,464
2,45.243706,13.601096,465
2,45.243402,13.601104,466
2,45.243365,13.601104,467
2,45.242991,13.601104,468
2,45.242726,13.601104,469
2,45.242574,13.601104,470
2,45.242043,13.601122,471
2,45.242024,13.601122,472
2,45.241644,13.601140,473
2,45.241600,13.601167,474
2,45.241568,13.601203,475
2,45.241461,13.600960,476
2,45.241214,13.600494,477
2,45.240980,13.600520,478
2,45.240917,13.600530,479
2,45.240771,13.600547,480
2,45.240594,13.600583,481
2,45.240480,13.600628,482
2,45.240380,13.600700,483
2,45.240323,13.600781,484
2,45.240272,13.600880,485
2,45.240215,13.601059,486
2,45.240120,13.601446,487
2,45.239930,13.602236,488
2,45.239747,13.603008,489
2,45.239475,13.604285,490
2,45.239462,13.604356,491
2,45.239272,13.604312,492
2,45.238444,13.604096,493
2,45.238248,13.604006,494
2,45.238184,13.603970,495
2,45.238140,13.603952,496
2,45.238127,13.603916,497
2,45.238102,13.603880,498
2,45.238077,13.603862,499
2,45.238045,13.603853,500
2,45.238020,13.603862,501
2,45.237988,13.603880,502
2,45.237969,13.603916,503
2,45.237957,13.603952,504
2,45.237950,13.603996,505
2,45.237957,13.604033,506
2,45.237969,13.604069,507
2,45.237988,13.604096,508
2,45.237976,13.604356,509
2,45.237976,13.604392,510
2,45.237937,13.604562,511
2,45.237925,13.604635,512
2,45.237893,13.604644,513
2,45.237874,13.604671,514
2,45.237742,13.604679,515
2,45.237615,13.604688,516
2,45.237299,13.604599,517
2,45.237020,13.604536,518
2,45.236843,13.604499,519
2,45.236622,13.604446,520
2,45.236458,13.604428,521
2,45.236015,13.604383,522
2,45.235736,13.604365,523
2,45.235477,13.604347,524
2,45.235255,13.604329,525
2,45.234237,13.604239,526
2,45.233547,13.604176,527
2,45.233472,13.604168,528
2,45.231896,13.604033,529
2,45.231296,13.603979,530
2,45.231017,13.603916,531
2,45.230928,13.603836,532
2,45.230903,13.603790,533
2,45.230878,13.603763,534
2,45.230840,13.603736,535
2,45.230802,13.603727,536
2,45.230764,13.603746,537
2,45.230720,13.603773,538
2,45.230694,13.603817,539
2,45.230581,13.603870,540
2,45.230517,13.603880,541
2,45.230460,13.603889,542
2,45.230239,13.603870,543
2,45.230156,13.603870,544
2,45.230081,13.603862,545
2,45.230043,13.603862,546
2,45.229891,13.603862,547
2,45.229808,13.603844,548
2,45.229606,13.603817,549
2,45.229423,13.603809,550
2,45.229100,13.603790,551
2,45.228841,13.603817,552
2,45.228682,13.603836,553
2,45.228480,13.603862,554
2,45.228347,13.603899,555
2,45.228119,13.603970,556
2,45.227815,13.604086,557
2,45.227594,13.604186,558
2,45.227500,13.604230,559
2,45.227468,13.603979,560
2,45.227417,13.603503,561
2,45.227386,13.603054,562
2,45.227367,13.602828,563
2,45.227347,13.602434,564
2,45.227335,13.602317,565
2,45.227272,13.601670,566
2,45.227284,13.601428,567
2,45.227284,13.601383,568
2,45.227303,13.601365,569
2,45.227323,13.601329,570
2,45.227329,13.601293,571
2,45.227329,13.601257,572
2,45.227323,13.601220,573
2,45.227303,13.601186,574
2,45.227278,13.601159,575
2,45.227253,13.601149,576
2,45.227221,13.601149,577
2,45.227196,13.601159,578
2,45.227177,13.601186,579
2,45.227164,13.601220,580
2,45.227152,13.601257,581
2,45.227050,13.601293,582
2,45.226949,13.601329,583
2,45.226816,13.601356,584
2,45.226658,13.601392,585
2,45.226481,13.601392,586
2,45.226272,13.601346,587
2,45.226177,13.601310,588
2,45.226063,13.601266,589
2,45.225943,13.601212,590
2,45.225772,13.601096,591
2,45.225664,13.601006,592
2,45.225576,13.600943,593
2,45.225456,13.600826,594
2,45.225361,13.600709,595
2,45.224785,13.599820,596
2,45.224811,13.599784,597
2,45.224823,13.599738,598
2,45.224823,13.599685,599
2,45.224811,13.599641,600
2,45.224785,13.599604,601
2,45.224760,13.599578,602
2,45.224722,13.599559,603
2,45.224905,13.597996,604
2,45.224823,13.597978,605
2,45.224772,13.597951,606
2,45.224722,13.597924,607
2,45.224652,13.597861,608
2,45.224608,13.597843,609
2,45.224557,13.597834,610
2,45.224513,13.597826,611
2,45.224507,13.597826,612
2,45.224481,13.597780,613
